246
453
661
414
494
724
193
126
295
268
581
269
583
154
372
1047
743
147
179
123
1117
1237
838
2972
373
392
453
735
2823
175
285
241
214
176
171
328
117
953
1231
143
164
329
1637
296
572
197
142
1372
1327
1278
264
1681
431
332
157
153
346
1913
584
632
542
174
149
367
192
1624
918
1042
275
584
1229
274
1295
1156
319
157
292
1032
192
289
178
184
726
115
531
151
239
216
398
1461
135
546
196
769
162
814
717
1021
476
1046
582
159
226
247
127
592
129
1468
284
126
493
268
545
583
124
371
227
147
145
128
149
882
315
729
816
672
228
518
368
436
362
892
1157
1226
237
1272
1069
171
1287
232
897
625
116
326
137
553
1072
237
876
2028
581
586
157
114
412
196
331
475
198
1187
149
275
3169
423
651
412
778
176
117
2494
278
292
275
259
341
2042
161
1621
431
148
585
581
152
356
3316
694
1567
643
153
739
1175
1058
273
589
175
158
157
238
275
287
159
176
386
2269
176
2794
1848
541
151
363
235
252
126
163
986
398
965
169
1585
134
618
137
858
256
346
176
253
551
237
181
1029
563
785
435
121
276
515
137
176
385
464
129
546
2153
284
341
184
1835
236
269
262
129
1994
363
294
112
137
1652
419
334
498
351
2245
172
2259
252
246
1095
183
1392
163
1927
274
184
182
1157
317
878
135
183
153
623
187
161
118
481
146
839
223
385
182
427
597
163
424
2375
412
396
248
283
261
168
853
526
563
183
447
1552
119
251
437
149
471
256
712
623
1625
163
163
974
646
198
2339
134
345
952
697
775
553
146
338
621
356
471
239
568
1996
192
959
483
561
461
238
1717
212
669
485
382
356
468
269
487
995
594
728
121
365
685
134
131
1272
527
875
193
528
363
223
124
234
116
1456
186
337
471
943
314
112
184
831
132
576
316
228
1353
513
345
192
439
117
258
175
254
126
145
736
3161
2517
232
1379
116
141
229
146
371
783
182
128
434
187
369
576
147
579
536
347
154
479
3291
165
159
438
514
449
617
498
478
171
176
763
195
247
2516
171
134
1868
151
316
2183
184
242
181
176
563
3031
486
129
185
965
287
359
234
121
158
183
246
131
156
557
468
382
115
187
496
151
468
673
439
227
135
376
298
124
134
584
192
175
345
191
127
171
554
414
1919
662
1291
186
194
448
165
153
289
546
594
143
229
165
169
715
131
283
157
298